Sequential: 52.000000
N_processes: 10.000000
8_CORES: 10.000000
Batches: 10.000000
