Sequential: 15.000000
N_Processes: 3.000000
8_CORES: 3.000000
Batches: 3.000000
